0x7fe2327CB181A0d8BEad944588C2682567Fb41a9	329
0xea775C29965A4f1Cf581eaCE8a2D0595e19B9171	646
0xea775C29965A4f1Cf581eaCE8a2D0595e19B9171	182
0x0F67af793937c499444a697Fce5E4ED27C548731	657
0xdaF8e9A4bCa72CC6677f141082d269E51AFe363f	482
0xC4B997482b6f69FaF0BdBB9069B6B69203bCE07a	663
0x73c02c4cC9003a8d82AA0Fa53a27F7D6A9C5F30B	609
0x499F99eccc45F09e23D6000bFcdB74FD0e48dF54	759
0xee68f6664645965792760A5fA7d9B30c3A4b9732	142
0xb3c62900E46A9dD63827506562982a739E1bD1d2	752
0x499F99eccc45F09e23D6000bFcdB74FD0e48dF54	105
0x467273aB42Cd2780fDaEd637775c6DCaad450dC6	213
0x499F99eccc45F09e23D6000bFcdB74FD0e48dF54	585
0x3bF88784E9890A83b368adbFf294f6Bd542544a8	517
0xAb07cD89146EbbF4B37321740147BbE22E2E425a	83
0xdaF8e9A4bCa72CC6677f141082d269E51AFe363f	704
0x34c8028eF5192e86caccA52fb4E27e40F1F89d18	203
0x8a6fDd4df7b90F1dff2eF043E011aD251a965DBD	515
0xab391dAa609B774aad5ab6C7d68236E04179D3e2	582
0x1108305a9a0BbD1643BE54c7a2102A9fa3df20C8	578
0x467273aB42Cd2780fDaEd637775c6DCaad450dC6	343
0xb3c62900E46A9dD63827506562982a739E1bD1d2	724
0xDF31fa1f27f72e1B27bf8126B13203F588BA58dB	258
0x3e5789aAB330E9B6167c7d543E7e3576b2Db8ceF	344
0x0F67af793937c499444a697Fce5E4ED27C548731	591
0x8a6fDd4df7b90F1dff2eF043E011aD251a965DBD	185
0xdaF8e9A4bCa72CC6677f141082d269E51AFe363f	747
0x4e365b66BFFd48be5161237f31CfD81CEEeb0585	840
0xe92f49965aB4F04d11420c7Ca6d3273D5CE2A0eF	62
0x860488D4a93944868252a00a57dE241c0D69fbd8	13
0x02A9e61fec7c34ebFc88336F9B5F2BcDbDca4f5c	556
0x887C96f3FbD1c946b99A709b4B1d649a507485D5	252
0xdaF8e9A4bCa72CC6677f141082d269E51AFe363f	396
0x706a77111680aAED7B97f3488bfc89d7F9A8E4e8	198
0x1108305a9a0BbD1643BE54c7a2102A9fa3df20C8	728
0x367606534e3A439288cBa9091fe41357F92682Fe	676
0xF3304FDC7F2AfA571bf881eAF852698701B8E783	772
0x459a25A776E60d30bf09Fa283f38FB4bc56f31D8	76
0xea775C29965A4f1Cf581eaCE8a2D0595e19B9171	285
0x64e64B741C44976151c2378dBb0CCD6fDbc06ceF	209
0xF3304FDC7F2AfA571bf881eAF852698701B8E783	563
0x4b80Fffe097254Aa3918728a83350F74301C4199	181
0x41519a9058e9BDE98c6A2c9b2e2A7c22B7c0Aa4E	451
0x64aF481947991dA040a251C6F4b0072cdb14A51a	9
